7.59
11.24
6.25
6.82
11.97
10.70
18.64
9.80
13.29
14.12
4.21
14.62
6.85
19.38
6.38
10.63
5.37
19.95
12.04
13.53
5.07
16.00
7.36
18.37
7.28
7.05
4.58
11.55
13.04
5.05
16.41
11.25
12.39
11.05
10.41
12.95
6.48
6.91
17.79
19.14
9.97
8.33
14.30
10.54
4.41
6.50
15.46
14.54
4.43
7.55
7.70
14.75
4.32
5.67
16.80
6.86
14.44
7.81
5.59
7.89
15.56
17.69
17.28
10.35
14.69
7.28
8.69
18.34
4.21
5.37
7.33
4.42
6.90
13.33
10.74
18.28
17.08
9.47
8.15
10.08
13.44
8.29
13.99
10.55
12.83
10.98
8.71
19.18
16.22
6.24
17.90
11.80
18.31
16.80
10.80
4.36
8.30
12.67
14.14
8.13
6.23
17.36
19.75
12.41
6.75
8.36
4.29
18.63
5.88
13.22
8.38
12.87
14.42
17.28
7.30
4.18
6.19
18.40
17.98
13.56
13.61
14.64
6.81
18.63
10.70
10.13
12.30
4.75
6.66
15.81
5.32
13.65
7.93
10.23
8.62
9.69
15.50
8.75
13.06
11.62
14.62
18.99
15.72
7.44
4.50
8.20
13.52
4.82
11.94
13.55
9.35
16.33
5.71
5.20
15.65
11.93
15.01
10.96
7.94
17.11
16.79
15.12
8.35
13.44
9.78
5.47
18.68
6.19
19.20
11.14
6.96
12.67
17.97
15.72
16.90
14.54
15.08
17.59
7.99
11.83
7.54
19.80
19.10
4.63
15.29
18.80
6.89
13.09
18.65
4.54
15.16
8.76
18.79
19.54
19.11
11.59
17.79
17.51
9.11
17.26
